Link_index	Source	Destination	Capacity(EPRps)	Length
0	0	1	73653.52	16.141	real
1	1	8	126.605	112.263	real
2	1	3	40411.19	22.227	real
3	2	41	17508.02	32.285	real
4	2	3	32333.114999999998	24.742	real
5	2	3	32333.114999999998	24.742	real
6	2	6	4831.155	50.521	real
7	3	49	19300.585	31.03	real
8	4	8	20606.565000000002	30.198	real
9	4	9	22860.22	28.899	real
10	4	7	12751.724999999999	36.502	real
11	5	8	8372.5	42.391	real
12	5	47	8650.119999999999	41.923	real
13	6	7	1050.835	75.052	real
14	8	32	13127.515000000001	36.108	real
15	8	35	111575.345	12.563	real
16	8	38	3676.175	54.72	real
17	8	47	655.3700000000001	83.094	real
18	8	36	29766.14	25.708	real
19	8	30	13990.920000000002	35.248	real
20	8	31	36088.75	23.487	real
21	9	32	27595.96	26.606	real
22	10	11	71258.84	16.449	real
23	11	19	19147.57	31.131	real
24	11	23	10063.745	39.777	real
25	12	30	230836.575	7.624	real
26	12	30	230836.575	7.624	real
27	13	14	54426.06	19.079	real
28	13	30	10194.585	39.596	real
29	14	42	76398.42	15.804	real
30	14	15	3203.26	56.872	real
31	14	45	670.84	82.693	real
32	15	16	3468.93	55.624	real
33	16	17	45643.869999999995	20.91	real
34	16	17	45643.869999999995	20.91	real
35	17	18	14062.974999999999	35.179	real
36	18	19	7518.674999999999	43.945	real
37	19	24	21545.915	29.637	real
38	19	30	975.58	76.306	real
39	20	26	69135.36	16.733	real
40	20	21	15997.99	33.465	real
41	21	28	259908.115	6.976	real
42	22	37	55558.435	18.87	real
43	22	30	21822.85	29.477	real
44	23	30	239219.21	7.424	real
45	24	27	41011.59	22.066	real
46	25	27	29465.46	25.827	real
47	25	37	58841.015	18.296	real
48	26	27	14245.54	35.006	real
49	26	27	14245.54	35.006	real
50	26	29	19398.73	30.965	real
51	28	29	26908.215	26.908	real
52	30	36	81770.44	15.19	real
53	30	38	4040.75	53.256	real
54	30	31	113819.655	12.405	real
55	32	33	754750.65	2.898	real
56	32	38	53233.72	19.305	real
57	32	39	74101.23999999999	16.085	real
58	33	34	142584.54499999998	10.708	real
59	34	35	95201.74	13.866	real
60	37	38	110755.64	12.622	real
61	37	38	110755.64	12.622	real
62	38	39	192376.41	8.704	real
63	40	41	8923.59	41.479	real
64	40	49	21514.864999999998	29.655	real
65	42	44	27773.045000000002	26.529	real
66	42	46	14132.02	35.113	real
67	43	44	62439.97	17.711	real
68	43	46	92015.84000000001	14.156	real
69	45	47	2115.925	63.488	real
70	46	47	22641.67	29.018	real
71	47	48	43302.59	21.475	real
72	48	49	53651.94	19.225	real
73	13	50	53651.94	0	virtual
74	50	14	53651.94	85.15	real
75	9	51	53651.94	0	virtual
76	51	32	53651.94	21.59	real
77	18	52	53651.94	0	virtual
78	52	19	53651.94	97.65	real
79	1	53	53651.94	0	virtual
80	53	3	53651.94	25.6	real
81	3	54	53651.94	0	virtual
82	54	49	53651.94	5.54	real
83	42	55	53651.94	0	virtual
84	55	44	53651.94	105.86	real
85	20	56	53651.94	0	virtual
86	56	21	53651.94	31.84	real
87	45	57	53651.94	0	virtual
88	57	47	53651.94	50.85	real
89	43	58	53651.94	0	virtual
90	58	44	53651.94	45.1	real
91	8	59	53651.94	0	virtual
92	59	32	53651.94	50.7	real
93	5	60	53651.94	0	virtual
94	60	8	53651.94	18.03	real
95	0	61	53651.94	0	virtual
96	61	1	53651.94	36.65	real
97	14	62	53651.94	0	virtual
98	62	45	53651.94	27.19	real
99	8	63	53651.94	0	virtual
100	63	31	53651.94	35.82	real
101	19	64	53651.94	0	virtual
102	64	24	53651.94	102.61	real
103	14	65	53651.94	0	virtual
104	65	42	53651.94	49.8	real
105	33	66	53651.94	0	virtual
106	66	34	53651.94	79.09	real
107	30	67	53651.94	0	virtual
108	67	31	53651.94	32.95	real
109	1	68	53651.94	0	virtual
110	68	8	53651.94	43.57	real
111	34	69	53651.94	0	virtual
112	69	35	53651.94	59.02	real
113	14	70	53651.94	0	virtual
114	70	45	53651.94	66.95	real
115	32	71	53651.94	0	virtual
116	71	33	53651.94	98.02	real
117	15	72	53651.94	0	virtual
118	72	16	53651.94	4.75	real
119	20	73	53651.94	0	virtual
120	73	21	53651.94	67.21	real
121	5	74	53651.94	0	virtual
122	74	8	53651.94	102.8	real
123	37	75	53651.94	0	virtual
124	75	38	53651.94	8.14	real
125	43	76	53651.94	0	virtual
126	76	46	53651.94	80.52	real
127	34	77	53651.94	0	virtual
128	77	35	53651.94	107.68	real
129	22	78	53651.94	0	virtual
130	78	37	53651.94	29.99	real
131	12	79	53651.94	0	virtual
132	79	30	53651.94	69.13	real
133	34	80	53651.94	0	virtual
134	80	35	53651.94	67.91	real
135	5	81	53651.94	0	virtual
136	81	8	53651.94	20.16	real
137	11	82	53651.94	0	virtual
138	82	23	53651.94	3.38	real
139	4	83	53651.94	0	virtual
140	83	9	53651.94	33.22	real
141	23	84	53651.94	0	virtual
142	84	30	53651.94	11.14	real
143	26	85	53651.94	0	virtual
144	85	27	53651.94	20.63	real
145	8	86	53651.94	0	virtual
146	86	36	53651.94	96.35	real
147	32	87	53651.94	0	virtual
148	87	39	53651.94	44.74	real
149	8	88	53651.94	0	virtual
150	88	30	53651.94	84.93	real
151	42	89	53651.94	0	virtual
152	89	44	53651.94	8.96	real
153	5	90	53651.94	0	virtual
154	90	8	53651.94	46.82	real
155	42	91	53651.94	0	virtual
156	91	46	53651.94	56.67	real
157	26	92	53651.94	0	virtual
158	92	27	53651.94	73.56	real
159	4	93	53651.94	0	virtual
160	93	8	53651.94	85.51	real
161	11	94	53651.94	0	virtual
162	94	23	53651.94	17.77	real
163	17	95	53651.94	0	virtual
164	95	18	53651.94	110.87	real
165	18	96	53651.94	0	virtual
166	96	19	53651.94	54.67	real
167	2	97	53651.94	0	virtual
168	97	41	53651.94	30.94	real
169	30	98	53651.94	0	virtual
170	98	31	53651.94	14.61	real
171	4	99	53651.94	0	virtual
172	99	7	53651.94	19.19	real
173	2	100	53651.94	0	virtual
174	100	3	53651.94	97.93	real
175	43	101	53651.94	0	virtual
176	101	46	53651.94	9.4	real
177	17	102	53651.94	0	virtual
178	102	18	53651.94	71.18	real
179	3	103	53651.94	0	virtual
180	103	49	53651.94	39.9	real
181	24	104	53651.94	0	virtual
182	104	27	53651.94	29.92	real
183	37	105	53651.94	0	virtual
184	105	38	53651.94	69.82	real
185	13	106	53651.94	0	virtual
186	106	14	53651.94	19.09	real
187	8	107	53651.94	0	virtual
188	107	31	53651.94	68.12	real
189	40	108	53651.94	0	virtual
190	108	49	53651.94	55.79	real
191	37	109	53651.94	0	virtual
192	109	38	53651.94	87.16	real
193	26	110	53651.94	0	virtual
194	110	29	53651.94	83.7	real
195	4	111	53651.94	0	virtual
196	111	9	53651.94	96.42	real
197	43	112	53651.94	0	virtual
198	112	44	53651.94	46.01	real
199	38	113	53651.94	0	virtual
200	113	39	53651.94	77.76	real
201	13	114	53651.94	0	virtual
202	114	30	53651.94	39.46	real
203	14	115	53651.94	0	virtual
204	115	15	53651.94	73.06	real
205	8	116	53651.94	0	virtual
206	116	32	53651.94	110.9	real
207	30	117	53651.94	0	virtual
208	117	31	53651.94	87.76	real
209	3	118	53651.94	0	virtual
210	118	49	53651.94	68.92	real
211	33	119	53651.94	0	virtual
212	119	34	53651.94	60.78	real
213	8	120	53651.94	0	virtual
214	120	30	53651.94	87.21	real
215	18	121	53651.94	0	virtual
216	121	19	53651.94	34.36	real
217	42	122	53651.94	0	virtual
218	122	46	53651.94	48.62	real
219	8	123	53651.94	0	virtual
220	123	36	53651.94	111.13	real
221	34	124	53651.94	0	virtual
222	124	35	53651.94	66.95	real
223	14	125	53651.94	0	virtual
224	125	42	53651.94	13.46	real
225	43	126	53651.94	0	virtual
226	126	44	53651.94	72.84	real
227	34	127	53651.94	0	virtual
228	127	35	53651.94	27.42	real
229	40	128	53651.94	0	virtual
230	128	49	53651.94	76.5	real
231	12	129	53651.94	0	virtual
232	129	30	53651.94	20.98	real
233	25	130	53651.94	0	virtual
234	130	37	53651.94	69.23	real
235	30	131	53651.94	0	virtual
236	131	38	53651.94	57.72	real
237	10	132	53651.94	0	virtual
238	132	11	53651.94	12.88	real
239	8	133	53651.94	0	virtual
240	133	38	53651.94	6.43	real
241	45	134	53651.94	0	virtual
242	134	47	53651.94	16.46	real
243	4	135	53651.94	0	virtual
244	135	7	53651.94	39.15	real
245	42	136	53651.94	0	virtual
246	136	46	53651.94	61.81	real
247	8	137	53651.94	0	virtual
248	137	47	53651.94	76.38	real
249	9	138	53651.94	0	virtual
250	138	32	53651.94	101.05	real
251	11	139	53651.94	0	virtual
252	139	19	53651.94	98.24	real
253	18	140	53651.94	0	virtual
254	140	19	53651.94	100.4	real
255	13	141	53651.94	0	virtual
256	141	14	53651.94	55.56	real
257	25	142	53651.94	0	virtual
258	142	37	53651.94	55.75	real
259	40	143	53651.94	0	virtual
260	143	49	53651.94	5.47	real
261	0	144	53651.94	0	virtual
262	144	1	53651.94	47.67	real
263	0	145	53651.94	0	virtual
264	145	1	53651.94	84.57	real
265	12	146	53651.94	0	virtual
266	146	30	53651.94	76.49	real
267	47	147	53651.94	0	virtual
268	147	48	53651.94	75.74	real
269	26	148	53651.94	0	virtual
270	148	29	53651.94	9.26	real
271	13	149	53651.94	0	virtual
272	149	30	53651.94	83.1	real
273	47	150	53651.94	0	virtual
274	150	48	53651.94	64.11	real
275	4	151	53651.94	0	virtual
276	151	7	53651.94	86.34	real
277	8	152	53651.94	0	virtual
278	152	36	53651.94	100.83	real
279	1	153	53651.94	0	virtual
280	153	3	53651.94	46.68	real
281	14	154	53651.94	0	virtual
282	154	42	53651.94	36.41	real
283	30	155	53651.94	0	virtual
284	155	36	53651.94	54.92	real
285	42	156	53651.94	0	virtual
286	156	46	53651.94	48.46	real
287	20	157	53651.94	0	virtual
288	157	26	53651.94	48.83	real
289	26	158	53651.94	0	virtual
290	158	27	53651.94	54.79	real
291	32	159	53651.94	0	virtual
292	159	33	53651.94	65.54	real
293	2	160	53651.94	0	virtual
294	160	41	53651.94	60.91	real
295	17	161	53651.94	0	virtual
296	161	18	53651.94	42.83	real
297	26	162	53651.94	0	virtual
298	162	27	53651.94	103.53	real
299	8	163	53651.94	0	virtual
300	163	47	53651.94	27.14	real
301	24	164	53651.94	0	virtual
302	164	27	53651.94	63.29	real
303	42	165	53651.94	0	virtual
304	165	44	53651.94	100.95	real
305	32	166	53651.94	0	virtual
306	166	39	53651.94	4.23	real
307	24	167	53651.94	0	virtual
308	167	27	53651.94	6.18	real
309	8	168	53651.94	0	virtual
310	168	30	53651.94	14.63	real
311	34	169	53651.94	0	virtual
312	169	35	53651.94	4.73	real
313	2	170	53651.94	0	virtual
314	170	3	53651.94	86.09	real
315	30	171	53651.94	0	virtual
316	171	36	53651.94	26.43	real
317	18	172	53651.94	0	virtual
318	172	19	53651.94	13.01	real
319	26	173	53651.94	0	virtual
320	173	27	53651.94	48.19	real
321	30	174	53651.94	0	virtual
322	174	38	53651.94	111.78	real
323	20	175	53651.94	0	virtual
324	175	26	53651.94	46.88	real
325	20	176	53651.94	0	virtual
326	176	21	53651.94	100.98	real
327	14	177	53651.94	0	virtual
328	177	45	53651.94	83.81	real
329	8	178	53651.94	0	virtual
330	178	36	53651.94	68.8	real
331	8	179	53651.94	0	virtual
332	179	47	53651.94	16.21	real
333	38	180	53651.94	0	virtual
334	180	39	53651.94	13.4	real
335	11	181	53651.94	0	virtual
336	181	23	53651.94	40.87	real
337	30	182	53651.94	0	virtual
338	182	36	53651.94	81.59	real
339	12	183	53651.94	0	virtual
340	183	30	53651.94	96.17	real
341	2	184	53651.94	0	virtual
342	184	41	53651.94	105.71	real
343	30	185	53651.94	0	virtual
344	185	31	53651.94	92.28	real
345	25	186	53651.94	0	virtual
346	186	37	53651.94	4.59	real
347	22	187	53651.94	0	virtual
348	187	30	53651.94	53.18	real
349	37	188	53651.94	0	virtual
350	188	38	53651.94	22.66	real
351	2	189	53651.94	0	virtual
352	189	6	53651.94	75.99	real
353	14	190	53651.94	0	virtual
354	190	15	53651.94	32.13	real
355	10	191	53651.94	0	virtual
356	191	11	53651.94	17.18	real
357	22	192	53651.94	0	virtual
358	192	37	53651.94	84.92	real
359	32	193	53651.94	0	virtual
360	193	33	53651.94	54.96	real
361	8	194	53651.94	0	virtual
362	194	38	53651.94	86.63	real
363	25	195	53651.94	0	virtual
364	195	27	53651.94	106.77	real
365	9	196	53651.94	0	virtual
366	196	32	53651.94	40.71	real
367	14	197	53651.94	0	virtual
368	197	15	53651.94	109.06	real
369	19	198	53651.94	0	virtual
370	198	30	53651.94	106.87	real
371	8	199	53651.94	0	virtual
372	199	36	53651.94	55.71	real
373	2	200	53651.94	0	virtual
374	200	3	53651.94	6.73	real
375	30	201	53651.94	0	virtual
376	201	38	53651.94	55.94	real
377	21	202	53651.94	0	virtual
378	202	28	53651.94	91.1	real
379	2	203	53651.94	0	virtual
380	203	6	53651.94	76.47	real
381	26	204	53651.94	0	virtual
382	204	29	53651.94	64.77	real
383	24	205	53651.94	0	virtual
384	205	27	53651.94	101.07	real
385	23	206	53651.94	0	virtual
386	206	30	53651.94	35.78	real
387	8	207	53651.94	0	virtual
388	207	30	53651.94	47.89	real
389	8	208	53651.94	0	virtual
390	208	31	53651.94	95.34	real
391	3	209	53651.94	0	virtual
392	209	49	53651.94	89.86	real
393	40	210	53651.94	0	virtual
394	210	41	53651.94	48.8	real
395	43	211	53651.94	0	virtual
396	211	44	53651.94	92.99	real
397	46	212	53651.94	0	virtual
398	212	47	53651.94	39.82	real
399	1	213	53651.94	0	virtual
400	213	8	53651.94	78.63	real
401	17	214	53651.94	0	virtual
402	214	18	53651.94	62.9	real
403	8	215	53651.94	0	virtual
404	215	30	53651.94	17.89	real
405	43	216	53651.94	0	virtual
406	216	46	53651.94	99.22	real
407	26	217	53651.94	0	virtual
408	217	29	53651.94	31.0	real
409	8	218	53651.94	0	virtual
410	218	36	53651.94	6.32	real
411	8	219	53651.94	0	virtual
412	219	47	53651.94	3.64	real
413	43	220	53651.94	0	virtual
414	220	44	53651.94	68.22	real
415	12	221	53651.94	0	virtual
416	221	30	53651.94	57.03	real
417	4	222	53651.94	0	virtual
418	222	8	53651.94	69.5	real
419	4	223	53651.94	0	virtual
420	223	7	53651.94	12.43	real
421	6	224	53651.94	0	virtual
422	224	7	53651.94	25.43	real
423	25	225	53651.94	0	virtual
424	225	37	53651.94	52.66	real
425	45	226	53651.94	0	virtual
426	226	47	53651.94	49.38	real
427	1	227	53651.94	0	virtual
428	227	8	53651.94	52.44	real
429	30	228	53651.94	0	virtual
430	228	31	53651.94	53.89	real
431	42	229	53651.94	0	virtual
432	229	46	53651.94	23.79	real
433	8	230	53651.94	0	virtual
434	230	38	53651.94	21.04	real
435	4	231	53651.94	0	virtual
436	231	9	53651.94	57.97	real
437	38	232	53651.94	0	virtual
438	232	39	53651.94	21.38	real
439	2	233	53651.94	0	virtual
440	233	3	53651.94	7.28	real
441	17	234	53651.94	0	virtual
442	234	18	53651.94	72.97	real
443	2	235	53651.94	0	virtual
444	235	3	53651.94	55.45	real
445	13	236	53651.94	0	virtual
446	236	30	53651.94	64.82	real
447	4	237	53651.94	0	virtual
448	237	7	53651.94	103.34	real
449	26	238	53651.94	0	virtual
450	238	27	53651.94	43.95	real
451	14	239	53651.94	0	virtual
452	239	15	53651.94	78.77	real
453	37	240	53651.94	0	virtual
454	240	38	53651.94	41.59	real
455	22	241	53651.94	0	virtual
456	241	30	53651.94	4.82	real
457	14	242	53651.94	0	virtual
458	242	42	53651.94	28.43	real
459	6	243	53651.94	0	virtual
460	243	7	53651.94	86.01	real
461	42	244	53651.94	0	virtual
462	244	44	53651.94	39.58	real
463	11	245	53651.94	0	virtual
464	245	19	53651.94	42.51	real
465	8	246	53651.94	0	virtual
466	246	35	53651.94	87.79	real
467	22	247	53651.94	0	virtual
468	247	30	53651.94	10.19	real
469	26	248	53651.94	0	virtual
470	248	27	53651.94	64.26	real
471	15	249	53651.94	0	virtual
472	249	16	53651.94	106.1	real
473	5	250	53651.94	0	virtual
474	250	47	53651.94	107.12	real
475	10	251	53651.94	0	virtual
476	251	11	53651.94	34.17	real
477	32	252	53651.94	0	virtual
478	252	38	53651.94	50.77	real
479	14	253	53651.94	0	virtual
480	253	45	53651.94	30.5	real
481	8	254	53651.94	0	virtual
482	254	32	53651.94	98.8	real
483	10	255	53651.94	0	virtual
484	255	11	53651.94	98.83	real
485	6	256	53651.94	0	virtual
486	256	7	53651.94	10.27	real
487	2	257	53651.94	0	virtual
488	257	6	53651.94	13.45	real
489	40	258	53651.94	0	virtual
490	258	41	53651.94	88.94	real
491	21	259	53651.94	0	virtual
492	259	28	53651.94	72.96	real
493	3	260	53651.94	0	virtual
494	260	49	53651.94	46.18	real
495	30	261	53651.94	0	virtual
496	261	36	53651.94	67.27	real
497	21	262	53651.94	0	virtual
498	262	28	53651.94	99.48	real
499	47	263	53651.94	0	virtual
500	263	48	53651.94	11.83	real
501	34	264	53651.94	0	virtual
502	264	35	53651.94	66.57	real
503	4	265	53651.94	0	virtual
504	265	7	53651.94	78.98	real
505	12	266	53651.94	0	virtual
506	266	30	53651.94	58.72	real
507	8	267	53651.94	0	virtual
508	267	36	53651.94	3.06	real
509	30	268	53651.94	0	virtual
510	268	31	53651.94	72.71	real
511	17	269	53651.94	0	virtual
512	269	18	53651.94	59.49	real
513	30	270	53651.94	0	virtual
514	270	38	53651.94	14.16	real
515	20	271	53651.94	0	virtual
516	271	21	53651.94	20.94	real
517	21	272	53651.94	0	virtual
518	272	28	53651.94	38.66	real
519	8	273	53651.94	0	virtual
520	273	36	53651.94	32.25	real
521	32	274	53651.94	0	virtual
522	274	38	53651.94	8.29	real
523	4	275	53651.94	0	virtual
524	275	8	53651.94	103.43	real
525	20	276	53651.94	0	virtual
526	276	26	53651.94	53.72	real
527	26	277	53651.94	0	virtual
528	277	27	53651.94	83.37	real
529	14	278	53651.94	0	virtual
530	278	42	53651.94	109.96	real
531	20	279	53651.94	0	virtual
532	279	21	53651.94	30.71	real
533	8	280	53651.94	0	virtual
534	280	32	53651.94	26.52	real
535	33	281	53651.94	0	virtual
536	281	34	53651.94	29.49	real
537	24	282	53651.94	0	virtual
538	282	27	53651.94	10.9	real
539	2	283	53651.94	0	virtual
540	283	3	53651.94	33.55	real
541	13	284	53651.94	0	virtual
542	284	30	53651.94	57.74	real
543	16	285	53651.94	0	virtual
544	285	17	53651.94	87.47	real
545	16	286	53651.94	0	virtual
546	286	17	53651.94	46.57	real
547	43	287	53651.94	0	virtual
548	287	44	53651.94	7.08	real
549	2	288	53651.94	0	virtual
550	288	6	53651.94	76.91	real
551	4	289	53651.94	0	virtual
552	289	7	53651.94	64.66	real
553	33	290	53651.94	0	virtual
554	290	34	53651.94	38.78	real
555	32	291	53651.94	0	virtual
556	291	33	53651.94	76.89	real
557	19	292	53651.94	0	virtual
558	292	30	53651.94	38.46	real
559	26	293	53651.94	0	virtual
560	293	27	53651.94	39.64	real
561	8	294	53651.94	0	virtual
562	294	35	53651.94	33.99	real
563	34	295	53651.94	0	virtual
564	295	35	53651.94	32.33	real
565	21	296	53651.94	0	virtual
566	296	28	53651.94	64.56	real
567	2	297	53651.94	0	virtual
568	297	3	53651.94	55.44	real
569	14	298	53651.94	0	virtual
570	298	42	53651.94	46.33	real
571	8	299	53651.94	0	virtual
572	299	31	53651.94	56.87	real
